sample_ID	chr	start	end	GT	CN	numsnp	CNVR	conf	vo	prob	source
sample1	15	24583066	24749581	2	4	16	15q_1_23	11	1	0.893	GW
sample1	19	43556843	43786678	2	3	41	19q_1_sml_12_fmrg	42	1	0.995	GW
sample1	4	116982102	117703115	2	3	178	4q_1_sngl_60	239	1	1	GW
sample1	11	2161858	2220754	1	1	35	11p_1_sml_50	23	2	0.001	HD
sample1	22	18915347	19008108	2	3	33	22q_1_4	51	-9	1	HD
sample2	5	25658882	25739983	2	3	25	5p_1_sngl_56_fmrg	12	2	0.002	HD
sample2	19	43559330	43766659	2	3	16	19q_1_sml_19	25	1	0.982	HD
sample2	1	98259009	98305394	2	3	40	1p_1_sngl_140_fmrg	16	2	0.001	HD
sample2	4	116973405	117689811	2	3	96	4q_1_sngl_65	128	1	0.997	HD
sample2	7	150548433	150600845	1	1	34	7q_1_sngl_114	30	2	0.001	HD
sample1	15	25583066	25749581	2	4	16	15q_1_23	11	-9	0.893	GW
sample1	19	44556843	44786678	2	3	41	19q_1_sml_12_fmrg	42	-9	0.995	GW
sample1	4	117982102	118703115	2	3	178	4q_1_sngl_60	239	-9	1	GW
sample1	11	3161858	3220754	1	1	35	11p_1_sml_50	23	-9	0.001	HD
sample1	22	19915347	20008108	2	3	33	22q_1_4	51	-9	1	HD
sample2	5	26658882	26739983	2	3	25	5p_1_sngl_56_fmrg	12	-9	0.002	HD
sample2	19	44559330	44766659	2	3	16	19q_1_sml_19	25	-9	0.982	HD
sample2	1	99259009	99305394	2	3	40	1p_1_sngl_140_fmrg	16	-9	0.001	HD
sample2	4	117973405	118689811	2	3	96	4q_1_sngl_65	128	-9	0.997	HD
sample2	7	151548433	151600845	1	1	34	7q_1_sngl_114	30	-9	0.001	HD
